16.56327 16.97319 13.68415 14.23905 11.75027
12.28601 10.60814 11.13975 9.868238 10.3986
9.400552 10.02272 9.023587 9.684904 8.700094
9.461577 8.45637 9.314624 8.180509 9.226084
7.989832 9.08035 7.762541 8.976055 7.577959
8.921136 7.390643 8.859933 7.217843 8.805745
7.009992 8.745873 6.843709 8.694963 6.6886
8.704712 6.522424 8.647864 6.369154 8.601553
6.214375 8.573633 6.060784 8.59868 5.908639
8.532553 5.76703 8.540746 5.620331 8.461519
5.492432 8.48677 5.349265 8.434722 5.230743
8.417629 5.078392 8.415688 4.964644 8.36556
4.838797 8.388422 4.73485 8.339448 4.593001
8.323319 4.466504 8.287681 4.35867 8.294903
4.259777 8.276088 4.166068 8.276573 4.067458
8.276551 3.94686 8.234015 3.84975 8.24899
