16.56137 16.96471 13.57936 14.14577 11.64889
12.16586 10.43859 10.96564 9.714685 10.24329
9.209247 9.851552 8.81149 9.518627 8.475954
9.315369 8.18751 9.159844 7.884965 9.016428
7.632888 8.927721 7.365217 8.828227 7.120286
8.778426 6.860602 8.698133 6.599536 8.667581
6.334098 8.64313 6.089953 8.605383 5.844888
8.586893 5.578984 8.53472 5.320614 8.532461
5.059778 8.480209 4.815444 8.453979 4.546608
8.432703 4.283219 8.394925 4.012752 8.380637
3.744649 8.382604 3.48417 8.411593 3.221242
8.366786 2.966505 8.394592 2.692639 8.449449
2.435256 8.452375 2.174914 8.622548 1.923038
8.705016 1.655892 8.836714 1.393831 9.177729
1.128958 9.534816 0.8796387 10.024 0.6213266
10.81433 0.3547746 12.08062 0 13.53202
