6.871343 8.708073 6.924592 8.690413 7.007564
8.746845 7.152121 8.78151 7.349429 8.846689
7.582193 9.008496 7.855409 9.196606 8.20103
9.461331 8.5556 9.778275 8.943792 10.15565
9.191359 10.34189 9.388588 10.55032 9.537592
10.67932 9.539119 10.66335 9.543651 10.71443
9.554237 10.67435 9.54834 10.70136 9.539106
10.66533 9.549378 10.68616 9.538323 10.67694
9.562189 10.70796 16.54322 16.96498 16.54303
16.95615 16.54346 16.96517 16.54331 16.96647
16.54309 16.96463 16.5434 16.96857 16.54308
16.96188 16.54336 16.95767 16.54322 16.9696
16.5432 16.96957 16.54337 16.95887 16.54337
16.96467 16.54352 16.96594 16.54351 16.97328
16.54319 16.97035 16.54337 16.96313 16.54343
16.95914 16.54319 16.96828 16.54354 16.95258
