12.32565 14.98107 8.61589 11.63297 8.06828
10.69641 7.645724 10.68546 7.519008 10.6033
7.402403 10.38308 7.348815 10.53738 7.258606
10.35991 7.222123 10.25656 7.189038 10.25515
7.12059 10.48723 7.160491 10.31195 7.119806
10.32691 7.116665 10.287 7.048292 10.18382
7.11363 10.17706 7.141561 10.28047 7.104171
10.00733 7.03613 10.16507 7.068758 10.22739
7.086243 10.25696 7.032441 10.14334 7.025119
10.20096 7.053336 10.17329 7.042977 10.19787
7.007701 10.22511 7.046317 10.11427 7.010673
10.16312 7.003361 10.04259 6.98723 10.1048
7.013576 10.12985 7.004938 10.12907 6.994816
10.17236 6.997647 10.09673 6.999026 10.181
7.013214 10.20036 6.987093 10.10593 7.022446
10.09498 6.985117 10.11983 6.981661 10.08687
6.986212 10.02404 6.971057 10.13155 6.959475
10.20467 6.993391 10.09 6.998532 10.16762
6.983724 10.09639 6.963963 10.10745 6.940709
10.14351 6.983794 10.13887 6.96646 10.12715
6.955139 10.10149 6.972367 10.06056 6.983389
10.07677 6.965629 10.10532 6.982548 10.13143
6.951027 10.10733 7.002115 10.09575 6.958995
10.08964 6.979612 10.19918 6.934505 10.10272
6.969266 10.12141 6.955047 10.09934 6.963558
10.13124 6.961107 10.08352 6.938887 10.09731
6.967447 10.03454 6.956171 10.12168 6.989134
10.13067 6.962595 10.05479 6.983458 10.08198
6.970719 10.09426 6.942211 10.10489 6.965454
10.10916 6.948306 10.08525 6.966793 10.12022
6.98866 10.05832 6.969332 10.06244 6.942052
10.08566 6.946224 10.12108 6.98947 10.12395
6.963526 10.11139 6.964808 10.09178 6.975441
10.11218 6.962318 10.05145 6.932988 10.10911
6.953907 10.10649 6.925859 10.15491 6.941019
10.07595 6.950802 10.06144 6.948762 10.13282
6.953228 10.05409 6.956633 10.05456 6.974519
10.02821 6.939432 10.05752 6.978128 10.09568
6.945304 10.10071 6.952592 10.08203 6.960101
10.05973 6.937568 10.11751 6.953114 10.11824
6.955691 10.06255 6.910975 10.0868 6.949399
10.14201 6.946641 10.07532 6.972225 10.04641
6.957394 10.10875 6.95084 10.05339 6.963192
10.08639 6.935068 10.09951 6.943208 10.07794
6.948943 10.09906 6.950723 10.0796 6.959813
10.10779 6.94465 10.07234 6.940244 10.07629
6.92306 10.1274 6.936063 10.07179 6.92433
10.08599 6.943243 10.09062 6.922082 10.10759
6.957649 10.10913 6.937598 10.10761 6.950736
10.07428 6.940002 10.04301 6.940159 10.08589
6.946844 10.10271 6.952032 10.07271 6.950932
10.08445 6.936789 10.06638 6.932241 10.09221
6.94667 10.10691 6.947466 10.04465 6.946878
10.06644 6.941637 10.03238 6.956243 10.09066
6.934987 10.07331 6.942347 10.12762 6.945256
10.06831 6.951744 10.04517 6.954428 10.01214
6.939046 10.02953 6.938328 10.10813 6.93649
10.07094 6.962782 10.03891 6.931428 10.09111
6.945389 10.06324 6.94692 10.07207 6.950597
10.07231 6.926125 10.09081 6.956766 10.02341
6.942908 10.09241 6.928662 10.10726 6.941446
10.06236 6.945647 10.05692 6.936453 10.10374
6.958218 10.09235 6.939908 10.05577 6.939625
10.05713 6.936705 10.08608 6.942395 10.09206
6.939135 10.06672 6.94587 10.05358 6.944044
10.0656 6.946683 10.0733 6.938747 10.10517
6.949747 10.07721 6.950238 10.06019 6.928064
10.02597 6.93498 10.04965 6.943127 10.08634
6.932262 10.03183 6.932892 10.05262 6.94654
10.09993 6.940944 10.0741 6.941967 10.09183
6.909759 10.06815 6.941108 10.10694 6.919829
10.04801 6.939843 10.10344 6.928355 10.08607
6.940651 10.10596 6.925627 10.09177 6.924928
10.08904 6.938564 10.04418 6.943523 10.10286
6.93856 10.08298 6.933703 10.12246 6.940177
10.05072 6.928473 10.05759 6.938514 10.0542
6.930482 10.05779 6.946958 10.09125 6.951459
10.08852 6.947416 10.07096 6.92344 10.08396
6.947039 10.08529 6.930239 10.08778 6.929392
10.06522 6.95257 10.0723 6.942142 10.05575
6.944576 10.07196 6.918829 10.02481 6.927693
10.06295 6.938944 10.08453 6.918553 10.11364
6.928507 10.07344 6.949895 10.09534 6.92822
10.0657 6.944847 10.06445 6.941575 10.0719
6.93472 10.07013 6.930911 10.05665 6.932964
10.08599 6.935841 10.09568 6.939086 10.1025
6.932282 10.07303 6.930494 10.05537 6.940262
10.06429 6.934414 10.06593 6.927687 10.06953
6.938358 10.0703 6.936132 10.04497 6.928844
10.07693 6.932086 10.06523 6.931901 10.05886
6.917188 10.05313 6.942004 10.08787 6.938213
10.07546 6.925758 10.07019 6.946604 10.08403
6.92648 10.06904 6.93996 10.07264 6.928545
10.09401 6.932332 10.04444 6.91942 10.07987
6.929932 10.05905 6.917986 10.05708 6.949488
10.09062 6.949553 10.04609 6.93246 10.0714
6.933521 10.09126 6.928252 10.06319 6.937587
10.09457 6.927767 10.07366 6.932383 10.09197
6.916279 10.08776 6.928687 10.05413 6.931892
10.04331 6.932333 10.0723 6.92845 10.06609
6.929291 10.08823 6.934092 10.07421 6.935824
10.05534 6.939708 10.04193 6.925639 10.07896
6.934969 10.0763 6.923547 10.05225 6.929574
10.04861 6.927269 10.04926 6.934319 10.05927
6.932178 10.08459 6.932108 10.09177 6.929188
10.07478 6.927744 10.0483 6.916166 10.07737
6.945872 10.05136 6.94525 10.061 6.930656
10.0655 6.92226 10.07132 6.928102 10.0614
6.92633 10.04652 6.942853 10.08285 6.924955
10.02655 6.927505 10.09532 6.927964 10.05472
6.921014 10.09659 6.930988 10.10735 6.943858
10.08119 6.938637 10.07044 6.933491 10.06122
6.918645 10.06931 6.935482 10.06811 6.921182
10.07904 6.928882 10.08065 6.923601 10.11458
6.930441 10.07292 6.927843 10.10426 6.934523
10.05113 6.930294 10.05869 6.937564 10.06317
6.93297 10.06237 6.933427 10.08345 6.927166
10.05369 6.926606 10.07957 6.956877 10.04286
6.9264 10.06821 6.936351 10.07952 6.934607
10.07185 6.940093 10.07603 6.93056 10.05922
6.930238 10.08061 6.940437 10.0918 6.931462
10.0678 6.932034 10.05984 6.919442 10.07626
6.922607 10.07707 6.9405 10.0649 6.917652
10.07152 6.919782 10.07138 6.931657 10.05078
6.934271 10.05027 6.920538 10.06627 6.925924
10.09018 6.921457 10.06173 6.927842 10.08685
6.933275 10.0718 6.9271 10.05922 6.92898
10.082 6.918884 10.07564 6.935302 10.07745
6.933886 10.06732 6.938877 10.07554 6.931677
10.06277 6.935945 10.09638 6.929321 10.05754
6.92799 10.07266 6.938804 10.06015 6.921645
10.04975 6.932345 10.06509 6.9404 10.05112
6.933845 10.08788 6.9274 10.07877 6.931574
10.08386 6.932731 10.06241 6.924859 10.06865
6.926432 10.08136 6.932953 10.07207 6.934709
10.05915 6.933901 10.09574 6.938907 10.06182
6.92974 10.06423 6.935019 10.04942 6.936236
10.06468 6.916155 10.05854 6.922712 10.06983
6.932266 10.08259 6.916034 10.08108 6.923182
10.05607 6.930386 10.06376 6.933467 10.0536
6.931127 10.06575 6.932822 10.06906 6.922175
10.08758 6.93799 10.07324 6.93372 10.08561
6.935969 10.04993 6.931495 10.06767 6.921514
10.07549 6.936296 10.05545 6.933137 10.0437
6.937126 10.07852 6.92024 10.06696 6.933781
10.04751 6.929139 10.07409 6.925462 10.05112
6.926293 10.07635 6.928468 10.06947 6.923671
10.07278 6.918982 10.08096 6.923994 10.04916
6.935429 10.03624 6.930612 10.05648 6.932725
10.067 6.92972 10.08077 6.933472 10.06203
6.929334 10.07115 6.932792 10.04386 6.926359
10.07991 6.939631 10.03973 6.938311 10.07583
6.934742 10.08109 6.933498 10.08097 6.932604
10.08671 6.929686 10.09067 6.930269 10.06935
6.930133 10.06882 6.92696 10.08348 6.931236
10.04939 6.928742 10.07972 6.92259 10.07704
6.919968 10.06943 6.927278 10.09175 6.918604
10.08509 6.929231 10.06914 6.935441 10.07799
6.936045 10.05716 6.926862 10.0681 6.932333
10.07233 6.922263 10.05101 6.928673 10.06282
6.927048 10.06723 6.926534 10.07656 6.931824
10.06824 6.927008 10.0712 6.921034 10.06751
6.927118 10.04563 6.935306 10.05492 6.936907
10.09585 6.927947 10.04987 6.923345 10.03258
6.933857 10.05415 6.9328 10.05553 6.924299
10.08569 6.925494 10.07858 6.921342 10.04694
6.934004 10.0503 6.930104 10.06873 6.931837
10.06777 6.93172 10.05342 6.928304 10.06761
6.932069 10.06828 6.931006 10.07523 6.936159
10.07747 6.928825 10.07156 6.924128 10.05035
6.911345 10.07169 6.929092 10.03879 6.916916
10.07582 6.928114 10.06473 6.923084 10.0705
6.923739 10.05693 6.930454 10.07943 6.92602
10.09917 6.927858 10.05996 6.917992 10.05236
6.91838 10.07956 6.924496 10.06845 6.927205
10.07363 6.929014 10.06244 6.935985 10.05556
6.924928 10.05257 6.931123 10.08585 6.925858
10.05383 6.922537 10.0821 6.925647 10.06619
6.927094 10.06458 6.936681 10.05656 6.937857
10.05736 6.925469 10.04855 6.927309 10.03978
6.938668 10.04827 6.9389 10.07688 6.919573
10.08374 6.928806 10.03814 6.933101 10.06669
6.929784 10.0679 6.929192 10.09044 6.924929
10.07992 6.92546 10.05236 6.916926 10.07557
6.925919 10.08279 6.92465 10.08003 6.935239
10.04813 6.92753 10.04911 6.927022 10.09942
6.925409 10.05772 6.939342 10.07059 6.929488
10.06311 6.926754 10.07327 6.93213 10.05145
6.918037 10.07518 6.921814 10.066 6.934768
10.06812 6.926984 10.0665 6.926246 10.06276
6.91861 10.0859 6.938341 10.07066 6.920062
10.05798 6.929695 10.0747 6.930505 10.05674
6.925715 10.08167 6.922315 10.05934 6.925851
10.05997 6.936156 10.08153 6.932652 10.06741
6.927361 10.062 6.922489 10.07481 6.9237
10.04537 6.921773 10.0695 6.93284 10.06026
6.925697 10.03602 6.922002 10.07306 6.923667
10.07637 6.930815 10.05987 6.93223 10.07066
6.928988 10.07931 6.926068 10.05863 6.933245
10.07808 6.92911 10.09547 6.931115 10.09098
6.929452 10.07084 6.921018 10.07316 6.919128
10.07303 6.918428 10.0699 6.928878 10.06437
6.920792 10.06312 6.924692 10.0618 6.927371
10.06052 6.931161 10.05427 6.919716 10.09445
6.930151 10.07848 6.925789 10.06978 6.922547
10.06787 6.922857 10.07979 6.933242 10.06366
6.934093 10.06979 6.917831 10.08031 6.931044
10.05758 6.929303 10.05661 6.92855 10.04682
6.928216 10.08601 6.922802 10.06448 6.921284
10.07189 6.936041 10.05607 6.927178 10.06988
6.929163 10.04988 6.923508 10.06872 6.930427
10.04719 6.930552 10.05668 6.935137 10.06421
6.92065 10.06347 6.922566 10.05638 6.931735
10.06716 6.924028 10.06293 6.925467 10.06181
6.917238 10.07598 6.928754 10.0573 6.934864
10.06046 6.93343 10.07773 6.924304 10.06597
6.926588 10.0587 6.920229 10.06849 6.930864
10.07127 6.925542 10.0657 6.91911 10.07095
6.92672 10.07224 6.924548 10.07526 6.929244
10.05369 6.924189 10.06602 6.929444 10.06738
6.917231 10.07336 6.919843 10.06318 6.934337
10.04789 6.924976 10.08484 6.917931 10.07114
6.929865 10.07656 6.922713 10.0797 6.925413
10.06478 6.936476 10.08493 6.933123 10.09068
6.920993 10.0764 6.934334 10.06129 6.925973
10.07407 6.933402 10.06798 6.934623 10.07635
6.932843 10.06003 6.930882 10.05654 6.929525
10.05006 6.925897 10.06967 6.932119 10.0701
6.929494 10.06786 6.926047 10.05202 6.920836
10.07276 6.916292 10.0697 6.922435 10.05712
6.928566 10.07928 6.932341 10.07355 6.928393
10.0696 6.932525 10.05492 6.924555 10.06716
6.934052 10.05832 6.929402 10.07571 6.924269
10.07652 6.920447 10.05756 6.922444 10.06874
6.927889 10.05356 6.921002 10.06236 6.920557
10.08505 6.928028 10.08365 6.928638 10.05735
6.92476 10.06998 6.932786 10.07476 6.92789
10.09196 6.924548 10.05336 6.920767 10.08618
6.926377 10.04642 6.926727 10.08833 6.926538
10.06669 6.931738 10.04931 6.921645 10.0585
6.919342 10.06451 6.920917 10.05325 6.92826
10.07114 6.926838 10.06779 6.93411 10.07105
6.919422 10.05302 6.920087 10.06979 6.925383
10.05538 6.920625 10.0669 6.930803 10.06482
6.932104 10.06474 6.936016 10.06431 6.925062
10.07964 6.925204 10.06283 6.929896 10.069
6.929148 10.04395 6.923388 10.07427 6.927599
10.0859 6.931984 10.06017 6.918386 10.06656
6.92506 10.07296 6.930285 10.06319 6.924446
10.06245 6.924179 10.06923 6.924679 10.06542
6.925461 10.07388 6.923424 10.07561 6.926282
10.0617 6.926019 10.0487 6.923615 10.05744
6.932265 10.06269 6.938811 10.0656 6.926578
10.0678 6.926626 10.06365 6.921878 10.07052
6.926329 10.07176 6.92079 10.07173 6.9223
10.07657 6.927661 10.0772 6.928577 10.06523
6.936406 10.07253 6.922621 10.05659 6.917629
10.08182 6.924967 10.0518 6.932927 10.05532
6.925785 10.06165 6.93336 10.06569 6.928353
10.08831 6.924546 10.08938 6.923188 10.07866
6.920957 10.06478 6.924892 10.08259 6.919682
10.06758 6.923 10.05987 6.929886 10.05868
6.936034 10.05514 6.921015 10.07339 6.929709
10.05594 6.930105 10.05257 6.926952 10.06628
6.921791 10.05924 6.920868 10.05394 6.927212
10.07414 6.914355 10.06932 6.925103 10.08605
6.927028 10.06258 6.928483 10.06523 6.927108
10.0705 6.924278 10.06924 6.919938 10.06016
6.935308 10.07279 6.924631 10.06268 6.92485
10.05498 6.933594 10.06002 6.932803 10.07843
6.927176 10.05827 6.926685 10.06088 6.92707
10.06915 6.931027 10.06365 6.921175 10.08199
6.9215 10.06271 6.931931 10.05989 6.932231
10.05452 6.924766 10.05895 6.92977 10.07104
6.924068 10.07657 6.92221 10.08318 6.92902
10.06042 6.925161 10.06753 6.928531 10.06947
6.92687 10.04584 6.92172 10.06449 6.925685
10.07915 6.928457 10.0651 6.920937 10.06281
6.922029 10.05984 6.931817 10.07726 6.93013
10.06433 6.921986 10.07121 6.928915 10.08121
6.931616 10.06404 6.92641 10.06202 6.918842
10.06391 6.929975 10.0594 6.924553 10.0394
6.928367 10.06251 6.924124 10.06503 6.926733
10.05668 6.918257 10.04923 6.933869 10.06434
6.929047 10.05515 6.926295 10.08838 6.921459
10.06876 6.922328 10.07183 6.927357 10.0612
6.932301 10.08469 6.92577 10.0525 6.9332
10.05599 6.922549 10.07016 6.926351 10.06345
6.925206 10.05919 6.928717 10.0521 6.916108
10.06617 6.924183 10.07388 6.926737 10.07241
6.925201 10.05315 6.920916 10.06459 6.923709
10.06288 6.921541 10.07421 6.922601 10.05767
6.92648 10.0596 6.925937 10.06357 6.927995
10.06869 6.930658 10.06229 6.921918 10.05706
6.925486 10.07199 6.921788 10.06394 6.926492
10.05946 6.923896 10.06235 6.925023 10.07381
6.936844 10.06105 6.924618 10.0548 6.920092
10.06544 6.929486 10.0681 6.927279 10.06936
6.92275 10.06933 6.924779 10.08165 6.92515
10.06322 6.926867 10.05579 6.923617 10.05447
6.929316 10.06607 6.927748 10.06395 6.929796
10.06752 6.919434 10.06612 6.922452 10.07776
6.91927 10.07603 6.919808 10.06449 6.92452
10.06633 6.923502 10.0671 6.921719 10.06464
6.931732 10.05695 6.918181 10.07011 6.921665
10.05542 6.928602 10.06082 6.925862 10.07326
6.922714 10.07059 6.920405 10.07414 6.925788
10.05439 6.922329 10.06274 6.927195 10.08101
6.920686 10.07895 6.928968 10.05756 6.921068
10.05631 6.930468 10.07013 6.926494 10.07489
6.920137 10.07091 6.933909 10.06179 6.929634
10.07177 6.920581 10.07734 6.921864 10.05961
6.938359 10.07235 6.927691 10.07438 6.929358
10.05315 6.922586 10.0747 6.920401 10.07477
6.921662 10.06948 6.925148 10.06295 6.924094
10.06426 6.921256 10.06768 6.929504 10.06276
6.926521 10.06669 6.921103 10.07831 6.929238
10.06514 6.921016 10.06538 6.920763 10.0912
6.918739 10.0613 6.929838 10.07547 6.925931
10.07686 6.926909 10.05915 6.92585 10.07342
6.922348 10.07045 6.9308 10.06465 6.934943
10.05756 6.928137 10.06627 6.922402 10.05132
6.922286 10.05993 6.927397 10.05836 6.932092
10.07689 6.924089 10.06766 6.918793 10.05007
6.921576 10.05006 6.926206 10.07481 6.924692
10.06616 6.926883 10.07675 6.922148 10.06943
6.925938 10.05932 6.923384 10.06977 6.925394
10.07207 6.930937 10.0784 6.924792 10.06822
6.921529 10.08303 6.933763 10.05137 6.925038
10.05772 6.925744 10.08257 6.930623 10.06323
6.927529 10.07355 6.932673 10.09229 6.928407
10.05572 6.924355 10.06781 6.928175 10.06324
6.928483 10.0721 6.929957 10.04216 6.927848
10.05575 6.915209 10.06468 6.926244 10.05741
6.920998 10.06381 6.931955 10.06523 6.924357
10.06002 6.926979 10.06956 6.926879 10.06297
6.928777 10.06239 6.920852 10.05681 6.925161
10.05785 6.932371 10.06492 6.926848 10.04448
6.923483 10.06336 6.917786 10.07964 6.923683
10.05444 6.925962 10.08168 6.927381 10.07206
6.922852 10.06407 6.923061 10.06426 6.923337
10.07506 6.925833 10.0674 6.921946 10.05361
6.925148 10.06657 6.919881 10.07993 6.930059
10.07121 6.92831 10.06918 6.927095 10.07893
6.928798 10.06853 6.919228 10.0681 6.927228
10.06392 6.92766 10.06419 6.924342 10.06099
6.927014 10.0693 6.927702 10.05094 6.922981
10.05683 6.929332 10.05747 6.922738 10.07607
6.935185 10.0591 6.921219 10.05532 6.92892
10.07186 6.928657 10.07634 6.9325 10.06508
6.92375 10.06446 6.933287 10.0628 6.928967
10.05335 6.923933 10.06889 6.920517 10.07369
6.922133 10.06254 6.921266 10.07513 6.932564
10.05657 6.915317 10.0492 6.927196 10.06048
6.924356 10.06229 6.931052 10.0444 6.931488
10.05711 6.920201 10.06265 6.924941 10.06309
6.921915 10.0763 6.927416 10.06593 6.93175
10.04297 6.927313 10.05151 6.921279 10.06961
6.927282 10.06695 6.927289 10.06086 6.911174
10.06742 6.923262 10.06607 6.92724 10.0753
6.928629 10.06067 6.922912 10.05784 6.921322
10.07415 6.929513 10.07202 6.92236 10.06708
6.924863 10.06466 6.921231 10.07076 6.926382
10.08469 6.925829 10.06347 6.92115 10.07922
6.922414 10.06199 6.927153 10.06425 6.92164
10.07513 6.920681 10.07759 6.926439 10.07208
6.921677 10.05167 6.925429 10.07021 6.921419
10.05839 6.927535 10.06626 6.921626 10.07326
6.917854 10.05476 6.923725 10.06067 6.924505
10.0652 6.919197 10.06396 6.922589 10.06462
6.927856 10.0651 6.926406 10.04865 6.918488
10.05758 6.924725 10.05861 6.919672 10.04002
6.922479 10.06291 6.925694 10.07368 6.929158
10.06645 6.929475 10.07586 6.926573 10.06699
6.928827 10.05878 6.922387 10.06381 6.923808
10.06045 6.928 10.06064 6.924978 10.07367
6.931363 10.06362 6.92689 10.05505 6.930304
10.06432 6.927531 10.07122 6.925366 10.06772
6.924731 10.06751 6.91989 10.06098 6.925074
10.07323 6.924912 10.06085 6.923116 10.07497
6.925482 10.06795 6.919097 10.06259 6.92577
10.06389 6.926161 10.04562 6.92106 10.08064
6.91886 10.04846 6.921591 10.07229 6.919832
10.06168 6.921077 10.06337 6.92265 10.05197
6.922523 10.05674 6.928095 10.06046 6.918376
10.07125 6.923604 10.06904 6.930866 10.06982
6.927092 10.07969 6.922927 10.08439 6.925972
10.05295 6.930226 10.0688 6.923216 10.05734
6.927045 10.07138 6.924578 10.06614 6.925554
10.07781 6.923979 10.07097 6.923225 10.05629
6.928785 10.06009 6.927013 10.06574 6.927089
10.0759 6.925749 10.05187 6.922561 10.07364
6.931397 10.06259 6.926145 10.06256 6.920507
10.07466 6.923132 10.07423 6.922555 10.06184
6.928335 10.06351 6.920793 10.07888 6.927446
10.06269 6.925284 10.07609 6.920295 10.06347
6.916455 10.07207 6.931064 10.06686 6.922933
10.0579 6.934327 10.07185 6.91865 10.0583
6.923564 10.06556 6.925515 10.0708 6.92058
10.06569 6.927358 10.0579 6.921461 10.0625
