22050978 6.468593 9.565778 26250951 6.453862
9.787913 14861878 6.459769 9.524158 19296557
6.3983 10.06158 442848 6.480159 9.639294
2330362 6.484565 9.265681 28143883 6.443725
9.503991 7892552 6.466046 9.252757 21046388
6.477419 9.418726 11858057 6.487739 9.305409
12512253 6.479457 9.945286 16565312 6.389498
9.935759 5809989 6.487672 9.56832 8909956
6.475594 9.645626 23269939 6.485582 9.315808
29015055 6.475057 9.470222 8177704 6.501822
9.271401 15343612 6.422067 9.583283 27702964
6.464675 9.591957 16460791 6.406636 9.980367
15280913 6.459458 9.7865 5157278 6.516116
8.954626 22684733 6.43621 9.654274 1829727
6.470431 9.348268 3386916 6.454809 9.520597
23093604 6.454529 9.476647 22227257 6.456685
9.466685 27074683 6.473402 9.300467 7980349
6.481646 9.459771 18975637 6.444248 9.584216
23580975 6.49186 9.62922 6082280 6.476614
9.337458 20239824 6.508416 9.153722 19753486
6.528813 9.303875 23289086 6.449927 9.600142
3817745 6.497743 9.20056 28417643 6.442925
9.860471 7132403 6.448597 9.634957 10729931
6.511328 9.280146 28213017 6.47098 9.653274
27264302 6.401219 9.956726 15502552 6.454744
9.806925 15242970 6.479941 9.5199 14501499
6.539472 9.213501 28465996 6.446184 9.417277
8062254 6.510909 9.129228 15788697 6.463128
9.519701 15359526 6.49318 9.565051 13340665
6.429911 9.851245 19459608 6.460857 9.365835
5225793 6.485106 9.582413 16730144 6.447103
9.468341 10648310 6.479954 9.666244 14093408
6.455217 9.665383 19663618 6.470998 9.499885
9233353 6.499923 9.563108 10272479 6.385806
10.11363 9063680 6.519836 9.273425 29018931
6.394676 9.866947 23239573 6.504695 9.172049
15495293 6.520845 9.255734 4689696 6.474504
9.574114 22099280 6.470524 9.621511 7957547
6.507966 9.58472 5732766 6.491562 9.380988
2134617 6.435125 9.619226 29711277 6.469076
9.831996 12045977 6.489977 9.407915 17125388
6.494094 9.534291 9136699 6.414036 9.822494
5448296 6.443347 9.609249 18292412 6.421151
9.487039 29055103 6.467092 9.579314 7665005
6.409721 9.605402 5340981 6.432114 9.614126
14043053 6.484479 9.501245 26092977 6.455167
9.813244 12689353 6.430611 9.723764 16452027
6.485362 9.388766 26346631 6.408798 10.18796
14371074 6.397546 9.976656 23111661 6.505943
9.226347 17127387 6.430148 9.806508 17768909
6.432264 9.503628 13997484 6.48889 9.38115
12885768 6.472679 9.61904 21923402 6.482823
9.339303 16330008 6.45452 9.537951 813039
6.409332 9.610081 29757408 6.498261 9.29944
1403149 6.461809 9.630033 13917205 6.481669
9.244477 23549359 6.428751 9.8269 5780155
6.457633 9.612615 19237917 6.475424 9.55013
26435031 6.500588 9.519496 26365200 6.524452
9.433956 26883802 6.504186 9.390591 16825369
6.50336 9.582538 21227812 6.456269 9.890413
29943842 6.432089 9.888534 19783686 6.478831
9.510747 10871576 6.488564 9.289226 24882834
6.426583 9.87944 17405016 6.460765 9.593073
7375966 6.511808 9.385284 3493693 6.466435
9.450433 2306887 6.440665 9.484264 22904699
6.479486 9.682094 9115613 6.469927 9.61905
12753592 6.478704 9.696606 2616735 6.449235
9.456263 26612875 6.500717 9.401858 20594588
6.429419 9.944357 1474692 6.494691 9.31585
11659441 6.417881 9.799068 24988976 6.450144
9.544528 20703052 6.429062 9.734056 120272
6.46669 9.427328 6075970 6.523772 9.278846
11697028 6.426978 9.844036 18151829 6.472656
9.584279 2049960 6.473209 9.433681 11307046
6.486767 9.52729 10216511 6.385909 9.915881
18214918 6.480598 9.77525 8467007 6.424125
9.728455 12356349 6.47042 9.480808 1541814
6.50406 9.227107 18507 6.46109 9.565267
6300381 6.516012 9.322713 3840440 6.463055
9.571034 13274679 6.473177 9.622315 5683619
6.474517 9.477029 18384863 6.462626 9.352457
16294525 6.517849 9.221513 1670597 6.434489
9.603144 27781032 6.491749 9.387266 16781294
6.494291 9.527815 5041128 6.497205 9.21176
21304854 6.377767 10.14908 24683091 6.38283
10.23815 1734664 6.486787 9.369943 28738306
6.488896 9.374211 16123485 6.477189 9.582956
163566 6.425756 9.915468 14535235 6.517015
9.609742 16573171 6.475124 9.51108 14926114
6.491563 9.443268 25688973 6.479056 9.397176
24165710 6.49271 9.548219 5261243 6.432847
9.763849 14634700 6.438743 10.07942 21080058
6.524782 9.119358 12089780 6.52414 9.343037
10837399 6.504419 9.292231 22172071 6.498239
9.455613 10047035 6.531441 8.985814 7255641
6.436726 9.61132 28982311 6.505892 9.225719
20838003 6.484193 9.305965 28750771 6.424862
9.744862 25757417 6.46989 9.534522 7954847
6.383864 9.733084 5279887 6.435278 9.769967
11201385 6.454829 9.438751 10554611 6.414619
9.905642 22654611 6.45973 9.650912 9253170
6.356 10.342 6037846 6.510303 9.246304
3112586 6.48587 9.662159 28445976 6.457322
9.636191 28414337 6.494457 9.60808 26351051
6.33781 10.0539 26179955 6.475721 9.512564
1870138 6.473578 9.557938 25543139 6.482491
9.486646 16156764 6.458499 9.675106 10290146
6.48058 9.331368 14267703 6.474176 9.663343
17701668 6.484563 9.778152 7076479 6.47717
9.468892 13978906 6.470627 9.470638 538980
6.501304 9.277531 20734906 6.527755 9.411796
3452938 6.466886 9.401639 27552652 6.487274
9.255104 3317791 6.484344 9.798834 22772625
6.437832 10.09775 6686085 6.476209 9.647861
2086300 6.471323 9.420395 12633408 6.499864
9.651702 5913116 6.45802 9.609281 4566108
6.498233 9.436262 21216494 6.450855 9.687422
3639841 6.481532 9.448976 10082778 6.438513
9.676743 9979232 6.428431 9.603411 20409680
6.34939 10.1562 27836362 6.435168 9.956541
