28384565 6.463314 9.452234 10719118 6.486849
9.651903 17419555 6.500258 9.358392 3526556
6.448564 9.57566 28889313 6.503416 9.253274
8873894 6.443577 9.688269 25163287 6.49524
9.540543 24590507 6.460266 9.600668 8178476
6.43693 9.944765 17389056 6.435736 9.668992
28739421 6.455531 9.481296 25364271 6.463568
9.686225 21569524 6.443833 9.620359 20166657
6.465048 9.746319 15514148 6.501855 9.351436
21991873 6.455721 9.976073 15280794 6.489127
9.161171 16827747 6.467458 9.506959 19023823
6.452735 9.613793 26539640 6.471821 9.728765
11743876 6.446848 9.556493 25344740 6.498876
9.405685 2984614 6.544443 9.231014 25166385
6.391315 10.09698 500185 6.42346 10.11356
2901752 6.477783 9.459264 1741786 6.511518
9.292832 9543071 6.459844 9.356129 23949076
6.514229 9.407495 28605043 6.528364 9.204584
18325703 6.385861 10.31705 19077943 6.49149
9.411862 15583864 6.395424 10.19416 9896108
6.467038 9.269155 4667994 6.51921 9.381981
18788265 6.440588 10.28434 6269557 6.45768
9.620503 10730261 6.403558 10.25391 1878447
6.438732 9.716871 10180749 6.403153 9.988583
6763066 6.483606 9.317228 21336405 6.505359
9.193039 17130874 6.474449 9.701495 20998249
6.464037 9.465786 28861790 6.468332 9.665139
24170649 6.453375 9.769774 14793230 6.477559
9.577542 2719390 6.403633 9.759022 26184644
6.442802 9.657745 23031125 6.4507 9.632556
