6425351 6.274287 9.617147 27633338 6.318161
9.490448 24303888 6.322114 9.412429 19933971
6.346094 9.26845 23375102 6.367757 9.117673
4018843 6.32609 9.46082 6879910 6.304355
9.486473 10618744 6.290267 9.580394 26037266
6.262289 9.640137 14202163 6.287286 9.604643
11771671 6.375513 8.991958 12542602 6.278378
9.686545 3811533 6.324845 9.509812 9888179
6.340273 9.439981 1192819 6.289257 9.73179
9289671 6.313383 9.814428 10421211 6.317101
9.379273 20829827 6.334887 9.239373 5434802
6.303974 9.79779 25307950 6.301842 9.645434
27509243 6.357567 9.217166 9958264 6.307611
9.534018 16405180 6.236729 9.789292 25196074
6.245951 10.06834 9175126 6.322837 9.620706
29335207 6.351759 9.306512 7009672 6.249187
10.01012 18453371 6.240525 10.08184 18659097
6.252845 9.824871 29179771 6.315691 9.455397
5937137 6.334355 9.748573 21607647 6.312741
9.610497 8423052 6.339751 9.344031 21739797
6.27542 9.812404 18171279 6.273741 9.863482
3331655 6.357675 9.19659 2947103 6.31176
9.420585 4870342 6.298728 9.644033 16275915
6.225676 10.30277 2279582 6.305525 9.476697
26490476 6.290474 9.617487 19882115 6.293767
9.499484 11297554 6.35261 9.401703 27982790
6.345651 9.217634 17656460 6.274167 9.598579
12978252 6.271425 10.27727 3048999 6.330606
9.365079 6273892 6.313774 9.50452 8734457
6.296408 9.724476 15388345 6.354052 9.272417
15902481 6.345285 9.23123 27896210 6.357323
9.411459 1739016 6.33236 9.51374 12899019
6.341612 9.36152 22533816 6.341719 9.249363
22484726 6.219096 10.1937 11430619 6.302977
9.540884 8640362 6.343338 9.266224 17130959
6.286375 9.577663 25006809 6.339098 9.453052
14029286 6.276432 9.719112 10672470 6.310984
9.569544 7294761 6.284475 9.828101 26300122
6.319394 9.332595 11667795 6.261087 9.729828
27210864 6.281077 9.30329 20951334 6.328236
9.561138 460870 6.269604 9.497233 18986247
6.29625 9.715816 23615657 6.321582 9.310329
4878628 6.326813 9.595157 29252690 6.273004
9.855503 9823504 6.308243 9.633566 14106633
6.258893 9.87921 14712161 6.328929 9.108316
23782821 6.34506 9.390294 23313508 6.331336
9.241194 10258949 6.243158 9.867353 26534477
6.226731 9.92531 12702410 6.372913 9.033264
17002792 6.320799 9.913555 28345083 6.30633
9.650159 11441168 6.269033 9.528344 23084477
6.29693 9.491617 16060430 6.297416 9.759515
12106601 6.342472 9.422045 24568837 6.318608
9.378449 20028974 6.334336 9.231217 13307953
6.292352 9.718395 18053782 6.286341 9.72611
14151322 6.250676 9.744476 20732053 6.324049
9.448653 964710 6.311072 9.56018 4660255
6.2501 10.02536 27355427 6.3486 9.325915
25120265 6.320105 9.486474 19614637 6.307055
9.506291 26994619 6.333279 9.439926 11629310
6.31701 9.507785 14142085 6.316945 9.609251
16395384 6.364575 9.216079 14554006 6.351491
9.211424 24361849 6.290384 9.5973 18393125
6.31297 9.370127 15011275 6.273418 9.827959
23035282 6.273405 9.845362 26827381 6.256543
9.624317 11011294 6.35144 9.428896 19901569
6.357701 9.190406 27246869 6.194685 10.69642
23933115 6.323462 9.24805 9220763 6.363292
9.160884 27125486 6.306203 9.577889 22056213
6.308631 9.591591 3474471 6.299676 9.7431
7544783 6.264994 10.14592 23001775 6.264385
9.637626 14658447 6.351146 9.436641 17239206
6.324729 9.459286 29247810 6.267174 9.515459
11939482 6.297233 9.526072 25122042 6.324065
9.810826 22551154 6.299028 9.430508 29593586
6.307021 9.740665 20119751 6.31882 9.448983
7949074 6.35184 9.258251 29997861 6.322465
9.58772 26008954 6.350922 9.205789 13253913
6.372265 9.178544 2252638 6.303377 9.623963
10724000 6.318302 9.401971 11475212 6.227415
9.793796 13634334 6.326478 9.359507 3121812
6.333303 9.311021 19065494 6.323884 9.732413
5704494 6.304874 9.57041 23467675 6.305414
9.454514 25504500 6.273969 9.755308 739101
6.279887 9.517978 2478113 6.266713 9.806448
29498029 6.284807 9.604419 29668148 6.347724
9.301693 21788921 6.366018 9.181725 24731970
6.289937 9.794966 7736833 6.269859 9.874077
13572463 6.320404 9.35585 11868526 6.255348
9.926904 23588459 6.320981 9.681071 11743014
6.234551 9.907538 24035989 6.287725 9.796045
28509982 6.335917 9.201549 15646996 6.283454
9.596088 19872769 6.281244 9.833779 5976353
6.235563 10.21112 25317235 6.32393 9.496132
9339493 6.328262 9.279844 11672406 6.332509
9.345881 25912139 6.286982 9.798994 18626947
6.321522 9.457954 29680512 6.311131 9.664957
3880616 6.309879 9.415543 9137457 6.376444
9.204149 2413627 6.357219 9.104933 24893747
6.315066 9.577233 13499332 6.284342 9.685981
771839 6.305935 9.619105 5731757 6.337449
9.421109 21519993 6.360703 9.424459 22624498
6.308162 9.424537 29014596 6.333115 9.432973
18743913 6.377399 9.368995 5661202 6.329489
9.344195 25500195 6.269075 10.14921 22737956
6.318311 9.420871 3545871 6.369885 9.288644
6183075 6.303095 9.837148 13763538 6.269721
9.864922 13019466 6.301986 9.635894 18680786
6.310997 9.471855 11990719 6.355016 9.24017
3035418 6.297371 9.868201 8243636 6.321077
9.282686 7217617 6.360106 9.410314 19981006
6.265449 9.726298 6790362 6.26369 10.08711
5044409 6.313632 9.768139 1051632 6.269986
9.804293 14358548 6.383541 9.18973 16755272
6.31318 9.432617 20811217 6.304905 9.591611
3319102 6.305291 9.600473 23682203 6.293963
9.748701 22917514 6.314309 9.632535 15809418
6.295573 9.566358 5690463 6.317376 9.448754
10297691 6.325684 9.628319 13292369 6.283053
9.734173 18813276 6.284286 9.74411 25851507
6.349786 9.443443 23155751 6.333062 9.384077
