10427623 6.472207 9.471331 25140855 6.503692
9.569401 17617633 6.477076 9.484121 4970895
6.492031 9.3626 12127659 6.509779 9.464382
22650415 6.475502 9.769648 5982077 6.530331
9.103428 16649542 6.44515 9.704305 18988623
6.509242 9.342 15100436 6.486461 9.364688
18991340 6.445898 9.739512 2143274 6.445935
9.713562 25112493 6.438828 9.763353 18095028
6.465724 9.972666 954374 6.442285 9.697335
8239095 6.467118 9.401385 17046341 6.487861
9.628109 5911873 6.501816 9.693262 12747373
6.469705 9.523334 8010151 6.485729 9.572279
248344 6.468533 9.653111 27105705 6.462329
9.509501 10862174 6.491302 9.41587 3198554
6.502657 9.338075 14687956 6.48036 9.86844
21434074 6.464529 9.569518 3260364 6.466508
9.631542 17941625 6.393356 9.895715 5160334
6.443122 9.662261 22473036 6.505699 9.176981
25759370 6.473227 9.661132 29108322 6.479947
9.528527 28665663 6.429319 9.932847 29449334
6.51678 9.539825 13661307 6.474701 9.48477
18992010 6.477084 9.34475 29550537 6.472373
9.58184 21624577 6.453676 9.710953 8469287
6.488273 9.67987 23767171 6.408353 10.07666
28744933 6.412843 9.947232 2251434 6.451232
9.868974 552570 6.47274 9.610454 28665952
6.513935 9.288663 2643159 6.488699 9.69643
5766448 6.505342 9.209474 6155610 6.448411
9.63642 7886434 6.465308 9.569885 27457417
6.476522 9.390827 27816432 6.419817 9.45181
22406662 6.457568 9.761759 25218471 6.426506
9.595053 12280799 6.414978 9.84153 20952722
6.471501 9.424068 16849548 6.416065 9.756766
22910405 6.464275 9.531058 11327575 6.487666
9.470642 12200994 6.442512 9.590892 8466728
6.447694 9.686149 4700712 6.495804 9.408345
22593804 6.532091 9.283299 9510289 6.455563
9.528539 19598230 6.45583 9.581394 8730019
6.493895 9.222042 8757472 6.495376 9.419054
9814212 6.47722 9.355704 10669213 6.467454
9.313272 5077395 6.436037 9.655797 20793915
6.500195 9.212519 3283399 6.47584 9.688729
23988164 6.506051 9.63376 28259735 6.47283
9.349798 439228 6.472004 9.187127 875811
6.515013 9.236746 9778908 6.472549 9.589749
19886237 6.566945 8.962816 5076851 6.510913
9.388052 19709168 6.417746 9.780974 2626677
6.455019 9.547606 18668739 6.483828 9.527283
28067740 6.466201 10.02256 5394317 6.473214
9.563988 11698618 6.450523 9.632294 21043463
6.438104 9.74878 12052378 6.475013 9.274394
536888 6.505096 9.285362 6559783 6.49028
9.534163 6900708 6.425102 10.14897 1879333
6.467118 9.677284 4207270 6.505138 9.343858
29953153 6.497541 9.527401 14497520 6.500843
9.417888 15605249 6.51391 9.462102 22532153
6.422731 9.832432 27707276 6.47637 9.542413
25517509 6.460318 9.836385 11325756 6.471866
9.46149 22666588 6.403459 9.860526 17669180
6.437992 9.742057 29110452 6.468455 9.554998
14325644 6.464153 9.68433 11366569 6.514153
9.543495 5344762 6.502779 9.377428 5887334
6.446561 9.797191 3537165 6.455757 9.455979
22075093 6.506927 9.245767 22035938 6.483719
9.492131 655230 6.442297 9.845348 20735900
6.492307 9.352177 22874029 6.476752 9.353077
18217752 6.503117 9.357456 21110660 6.413532
9.727346 106044 6.504146 9.388814 24615366
6.492003 9.27522 16043098 6.476447 9.283048
24286871 6.414095 10.14285 13096453 6.382316
10.40279 15077374 6.485655 9.365126 758363
6.459416 9.770377 5713858 6.396181 9.895658
2262858 6.481519 9.801004 25847527 6.474765
9.713025 939770 6.489128 9.62719 6047962
6.49731 9.420672 2904561 6.448596 9.789178
17625632 6.447797 9.678903 14646774 6.477986
9.513877 17504367 6.442162 9.753216 5464173
6.49235 9.433161 3523315 6.41382 9.702429
7235180 6.520657 9.250467 26272478 6.521608
9.316209 10285075 6.423456 9.893731 18357853
6.505168 9.42753 15372653 6.495137 9.257159
21313333 6.37294 10.21565 16561901 6.4621
9.480409 1426601 6.427617 9.811204 12840991
6.4605 9.557586 13716258 6.454108 9.358664
16783943 6.425228 9.904007 28018810 6.480102
9.382643 11145424 6.427676 9.755827 14763309
6.45932 9.294453 3935978 6.480587 9.529183
4191348 6.496802 9.367511 17212864 6.539308
9.315346 13731497 6.422229 9.594074 26588847
6.487255 9.222286 20489409 6.419968 9.710096
5150022 6.47019 9.332588 11065293 6.449302
9.582473 5445047 6.439397 9.641933 7591821
6.481866 9.523081 2171338 6.470748 9.59545
21073764 6.473514 9.447114 19643251 6.510061
9.153588 20875402 6.473634 9.402334 13775439
6.482782 9.547155 29437296 6.494055 9.641484
18761684 6.406639 9.84311 25785770 6.483214
9.493275 8000385 6.495165 9.249988 21557915
6.458402 9.677389 25143461 6.503054 9.384304
14856513 6.441312 10.03757 6756358 6.463789
9.49704 707111 6.424009 9.768855 779392
6.494647 9.155246 18290142 6.463117 9.457238
12943056 6.412424 9.720567 1537813 6.393945
9.803458 26801185 6.450721 9.843809 7630927
6.477837 9.441133 9396058 6.444883 9.53253
27600663 6.492429 9.477173 21107874 6.482802
9.569134 12608108 6.469867 9.640899 25317422
6.494576 9.33028 12461618 6.531006 9.281342
11455883 6.474308 9.611865 25007057 6.472737
9.671682 16651904 6.47622 9.558384 19357018
6.545986 8.992805 2112629 6.534449 9.265652
25926188 6.445791 9.754286 17365706 6.465501
9.328376 17979417 6.517587 9.414744 3350883
6.47885 9.375204 18571405 6.458347 9.498812
1577682 6.465848 9.396347 29901225 6.440909
10.15287 19986135 6.437345 9.671478 14858693
6.447154 9.652038 18644591 6.546121 8.851487
4557253 6.426957 9.954541 11190352 6.471087
9.960315 3625163 6.452457 9.683008 15255779
6.429496 9.762894 1023719 6.433923 9.842743
